Here is the iG:
  0.98444 -0.125903 -0.122584  0.512084
 0.144837  0.976379  0.160329 -0.443491
 0.099503 -0.175589  0.979422  0.202697
        0         0         0         1
Here is the Scale Matrix:
2.75567       0       0       0
      0 2.75567       0       0
      0       0 2.75567       0
      0       0       0       1
Here is the Transformation between (libpointmatcher):
   0.930289   -0.366757 -0.00717883  -0.0219541
   0.361629    0.920212   -0.149782   0.0059742
  0.0615395    0.136744    0.988693  -0.0138987
          0           0           0           1
Here is the final_transformation:
1 0 0 0
0 1 0 0
0 0 1 0
0 0 0 1
Here is the Covarience:
ICP_COV = 
  1.8183e-07 -3.09684e-09  2.91964e-25  1.09661e-08 -7.05898e-31 -3.21481e-26
-3.09684e-09  1.85788e-07  8.80853e-26 -2.60031e-09 -2.73646e-31   7.6239e-27
-4.30067e-26 -4.85971e-24  1.85471e-07  1.13906e-24  5.92873e-32 -2.08253e-31
 1.09661e-08 -2.60031e-09 -8.07156e-25   1.5176e-08 -2.29041e-32 -4.44909e-26
 7.86369e-32 -4.57308e-31  5.92873e-32  1.04857e-30  6.22752e-54 -3.07405e-48
 1.51202e-30  2.88558e-31 -2.08253e-31  2.40352e-30 -2.97672e-54 -7.04628e-48
*******************