Here is the iG:
 0.775137  0.606375  0.177404  0.164728
-0.490935   0.75483 -0.434987  0.524317
-0.397676  0.250081  0.882787  0.444923
        0         0         0         1
Here is the Scale Matrix:
3.03609       0       0       0
      0 3.03609       0       0
      0       0 3.03609       0
      0       0       0       1
Here is the Transformation between (libpointmatcher):
  0.999443  0.0147517 -0.0299442  0.0166143
-0.0135206   0.999071  0.0409097 -0.0193622
 0.0305198 -0.0404819   0.998714 -0.0688759
         0          0          0          1
Here is the final_transformation:
1 0 0 0
0 1 0 0
0 0 1 0
0 0 0 1
Here is the Covarience:
6.91631e-310 1.42805e-316 1.42805e-316 1.44063e-316 1.44063e-316 1.46244e-316
6.91631e-310  1.4822e-323  1.4822e-323  1.4822e-323  1.4822e-323  1.4822e-323
1.42804e-316 1.42805e-316 1.42805e-316 1.44063e-316 1.46244e-316 1.34386e-321
 1.4822e-323  1.4822e-323  1.4822e-323  1.4822e-323  1.4822e-323 1.58101e-322
1.42805e-316 1.42805e-316 1.44064e-316 1.44063e-316 1.46244e-316            0
 1.4822e-323  1.4822e-323  1.4822e-323  1.4822e-323  1.4822e-323 6.91622e-310