Here is the iG:
  0.62192  0.741077  0.253024 0.0235557
-0.518931  0.632007 -0.575567  0.570702
-0.586452  0.226655  0.777625  0.416826
        0         0         0         1
Here is the Scale Matrix:
2.32791       0       0       0
      0 2.32791       0       0
      0       0 2.32791       0
      0       0       0       1
Here is the Transformation between (libpointmatcher):
  0.993274 -0.0665544  0.0947471 -0.0142252
 0.0715403   0.996172 -0.0502336   0.014324
-0.0910412  0.0566739   0.994233  0.0223384
         0          0          0          1
Here is the final_transformation:
1 0 0 0
0 1 0 0
0 0 1 0
0 0 0 1
Here is the Covarience:
6.91462e-310   2.122e-314  3.9274e-316            0 3.92749e-316            0
 3.9272e-316 2.86524e+161 6.36599e-313            0 3.92749e-316            0
3.92748e-316  1.65454e-24 2.47033e-323            0            0   -0.0117989
3.21143e-322      28.7871 3.92741e-316 -1.69384e-07 4.79244e-322 -0.000900269
3.91813e-316 7.90505e-322   0.00297928   -0.0461159 3.92916e-316            0
3.91763e-316 6.32404e-322 3.92748e-316            0  3.9274e-316 3.92749e-316