Here is the iG:
   0.99731 -0.0705451 -0.0199062  -0.270679
 0.0711753   0.996919  0.0329589  -0.459558
 0.0175198  -0.034287   0.999258  -0.464263
         0          0          0          1
Here is the Scale Matrix:
2.31695       0       0       0
      0 2.31695       0       0
      0       0 2.31695       0
      0       0       0       1
Here is the final_transformation:
  0.994979 -0.0483727 -0.0876215  0.0130526
 0.0238951   0.964942  -0.261371   0.057333
  0.097193   0.257964   0.961253  0.0256991
         0          0          0          1
Here is the Covarience:
  3.9603e-05 -4.05279e-05 -1.31721e-05 -8.57632e-05 -0.000120372 -0.000166486
-2.48227e-05  3.01877e-05  9.72799e-06  6.13684e-05   7.1807e-05  0.000123073
-8.46724e-06   1.0141e-05  3.33899e-06  2.18568e-05  2.42989e-05  4.14877e-05
-1.03567e-05  1.95046e-05  7.36439e-06  0.000115999  5.82833e-06  7.79048e-05
-0.000152188  0.000152987   4.9462e-05  0.000306286  0.000469683    0.0006291
-0.000102825  0.000124038  4.01044e-05  0.000252062  0.000298279  0.000506764
