Here is the Transformation between (libpointmatcher):
  0.972752  0.0924072  -0.212638   0.119802
-0.0752891   0.993337  0.0872558  -0.004895
  0.219284 -0.0688691   0.973228   0.271031
         0          0          0          1
Here is the final_transformation:
1 0 0 0
0 1 0 0
0 0 1 0
0 0 0 1
Here is the Covarience:
 4.35159e-05 -4.95877e-05 -1.15898e-05  1.88101e-05 -0.000105202 -0.000106168
-4.89291e-05  5.66441e-05  1.31298e-05 -2.13082e-05  0.000117988  0.000121381
-1.12261e-05   1.2939e-05  3.06826e-06 -4.70558e-06   2.7114e-05  2.77603e-05
-1.32632e-05  1.53147e-05  3.72789e-06  -4.3934e-06  3.18202e-05  3.31093e-05
 -9.5635e-05  0.000108499  2.54409e-05 -4.14347e-05  0.000231944  0.000232119
-0.000108799  0.000126073  2.92297e-05 -4.72498e-05  0.000262271  0.000271048
