Here is the Transformation between (libpointmatcher):
  0.999467  0.0119986 -0.0303496 -0.0251632
-0.0112338   0.999618  0.0252496  -0.035391
  0.030641 -0.0248952    0.99922 -0.0393463
         0          0          0          1
Here is the final_transformation:
1 0 0 0
0 1 0 0
0 0 1 0
0 0 0 1
Here is the Covarience:
6.90669e-310     0.163377  6.08118e+06 7.52713e-317 7.52328e-317 7.52995e-317
7.57466e-317      1736.63  5.59711e+12 7.95446e-322  1.4822e-323  1.4822e-323
     -156456  0.000394451     0.010838 6.90669e-310 7.52508e-317 1.34386e-321
 1.73121e+06  7.86536e+14  1.10581e+15 6.90669e-310  1.4822e-323 2.37152e-322
 1.56707e+06  1.00581e+10       191918 7.58691e-317 7.53232e-317            0
 4.05051e+06     -792.319  5.82943e+10  1.4822e-323  1.4822e-323 6.90683e-310